600
2800
2900
105
2300
605
1235
2030
0
0
1535
100
900
0
505
100
3405
25
100
4400
3010
100
100
4400
100
1275
100
900
3605
2100
100
1305
1405
100
1725
1900
100
2800
725
2550
100
3105
2555
4200
800
100
1200
1300
2960
2705
4200
1125
100
0
4105
0
100
25
0
225
1400
100
600
100
125
0
100
1525
100
940
3825
0
3700
2660
0
3155
1005
225
1055
100
600
4200
125
3850
1655
1930
5
100
425
0
100
100
2560
3430
3410
2750
0
100
3025
1400
100
505
2255
100
100
2500
3490
0
1055
1500
0
100
3625
100
2700
3330
100
0
100
100
600
100
1335
500
0
100
100
25
1400
100
1900
0
100
3500
700
3800
100
0
3700
100
0
2005
825
3855
100
100
5
4330
0
3005
2260
25
3415
510
200
1830
0
4115
25
1845
2425
2200
0
25
4500
1805
1500
0
5
2650
3700
3245
1205
100
225
1130
0
4300
3285
0
1630
2130
3605
500
100
1200
100
0
100
0
3100
2400
100
1005
400
100
2000
100
100
100
100
4200
3300
100
2400
505
100
3500
1330
3420
2015
4125
2305
1100
0
2610
2300
2905
0
1800
1200
4300
25
630
855
100
2060
1105
3935
100
525
25
100
100
100
2100
100
0
630
2800
950
2300
100
2035
2325
25
100
100
650
2400
0
0
3600
1605
100
1875
100
4135
2105
3500
100
1535
2105
2700
1925
1565
1000
2100
405
3550
2700
0
200
0
1500
600
2025
1700
2625
1305
100
2830
100
2600
2810
1000
0
0
0
4000
200
3050
3110
2100
100
0
100
100
2400
0
3110
3425
525
0
0
100
1680
2000
3100
725
0
1005
3100
100
2530
100
100
100
3825
1500
3640
1000
200
100
3140
100
2900
0
1030
100
2000
2330
100
3000
2875
1355
100
2675
1100
0
925
900
100
2700
2830
405
5
1900
1225
100
100
0
1625
3210
3600
2605
1050
100
0
100
400
625
0
100
100
100
1100
0
100
600
100
2405
2705
3225
0
4100
2300
2725
800
2005
700
0
1400
3245
4400
100
705
0
1200
425
100
0
0
1600
825
0
100
0
300
2335
2210
0
2000
100
100
1230
25
3000
0
100
100
0
1405
100
100
3240
0
1925
1900
100
925
300
100
5
100
0
1125
100
3800
3040
4400
4000
0
0
100
1700
1500
0
100
100
0
2385
100
1735
500
2005
100
930
3465
1310
4100
0
200
2290
0
4200
1130
2170
1600
2260
200
510
100
100
1700
200
705
2325
2350
3705
2880
0
1050
905
3855
1905
0
1630
505
3125
2105
100
0
1210
0
1405
200
3800
3605
2900
710
100
100
3900
1125
200
25
1600
2655
550
0
2650
2025
1500
3400
1900
0
0
100
3415
3660
1700
0
3310
2005
730
300
100
3130
2005
1205
1400
100
100
1330
100
100
0
3215
0
1000
2125
100
1930
25
800
1225
100
2900
100
1200
1505
1050
100
305
200
0
100
1200
2500
1915
0
2825
3755
200
0
2630
100
4300
1910
2075
4150
4200
0
1500
1400
1125
0
1780
925
3200
1335
100
700
1100
1600
0
1130
425
2475
5
3135
205
0
2200
1200
2400
3505
0
0
925
900
4200
100
3630
1500
2300
1200
2410
0
3825
100
2460
100
2180
3505
3900
1100
0
300
0
1355
0
500
625
600
830
3030
3800
3030
2755
2160
1010
3400
3900
150
100
100
100
0
800
0
700
2900
100
0
4025
100
200
3400
1825
100
3950
2790
100
1625
3200
700
100
3255
0
2200
100
300
2360
200
2000
3810
2975
3100
25
400
2525
3300
100
3735
100
100
500
400
3030
100
100
100
1100
3100
1910
3300
1905
0
3905
100
2600
2700
4005
5
4105
525
3730
2200
100
300
2335
3130
0
900
2600
100
2530
2000
3525
3035
1300
2755
3400
505
1350
3550
4005
2925
725
100
1400
1100
2840
3005
500
2625
100
600
3900
0
2130
2100
800
100
0
3425
100
0
100
2050
0
1305
1700
100
100
0
3855
4400
100
100
100
2865
100
100
800
1330
810
3585
2255
900
100
4355
600
2205
3500
725
0
0
600
200
2815
3330
3080
100
500
600
4000
500
1825
1005
100
1650
2400
0
3300
1505
100
205
450
0
100
3480
300
100
2135
400
2855
100
500
1855
1250
100
4000
2500
100
500
1850
2100
1005
2100
2190
1550
1225
900
100
3200
0
1730
405
0
2975
2730
2340
5
300
2700
100
0
2250
3900
100
2800
925
3800
2165
925
100
2625
1200
3505
2935
100
400
2315
325
1900
4525
3735
100
100
3510
100
2630
5
0
425
2855
100
305
2815
0
100
100
2455
3800
0
0
200
900
100
1600
3700
100
905
2000
3390
100
100
600
4000
100
2900
2000
2130
3635
1125
100
600
4000
3500
3205
3900
100
3675
1425
100
4250
1300
0
3380
100
500
0
0
900
3080
3200
3830
3900
100
0
0
25
3100
1715
2535
3125
3525
3455
0
100
1800
1700
0
4500
100
3600
4400
1325
100
2000
655
1860
3630
0
5
0
0
5
2325
100
100
625
2455
1825
1155
3705
3805
1000
0
405
1410
100
2400
1425
100
25
1330
530
1185
0
100
3200
3575
700
4110
2160
4025
300
100
615
500
100
3635
100
3300
2975
0
2950
1980
100
200
1700
1130
100
100
1930
400
3800
2000
2305
100
1500
3040
100
1725
100
100
430
100
0
3450
1600
300
3300
0
3300
3600
